"","modname","AICc","BIC","r2.vals","r2.vals.unique","edf","edf.less.1","delta.AICc","delta.BIC","wi.AICc","wi.BIC","depth","mean.relief","sd.relief","reef","status","cumsum.wi"
"targeted.abundance.depth+mean.relief","depth+mean.relief",1092.05897250043,1114.31672564092,0.16208,NA,4.84,0,0,0,0.828,0.579,1,1,0,0,0,0.828
"targeted.abundance.depth","depth",1096.54750696512,1115.05768204065,0.14084,NA,3.58,0,4.489,0.741,0.088,0.4,1,0,0,0,0,0.916
"targeted.abundance.depth+sd.relief","depth+sd.relief",1096.74942675224,1122.43159479643,0.15954,NA,5.58,0,4.69,8.115,0.079,0.01,1,0,1,0,0,0.995
"Lethrinus atkinsoni.sd.relief","sd.relief",410.99582577529,418.954988009642,0.0445,NA,2,0,0,0.484,0.174,0.236,0,0,1,0,0,0.174
"Lethrinus atkinsoni.mean.relief","mean.relief",411.908801838398,419.867418463658,0.03264,NA,2,0,0.913,1.397,0.11,0.149,0,1,0,0,0,0.284
"Lethrinus atkinsoni.sd.relief+status","sd.relief+status",412.208282278145,421.968503563233,0.0607,NA,3,0,1.212,3.498,0.095,0.052,0,0,1,0,1,0.379
"Lethrinus atkinsoni.null","null",412.394196199891,418.47084544997,0,NA,1,0,1.398,0,0.086,0.3,0,0,0,0,0,0.465
"Lethrinus atkinsoni.depth+sd.relief","depth+sd.relief",412.584198572436,422.344426487626,0.04818,NA,3,0,1.588,3.874,0.079,0.043,1,0,1,0,0,0.544
"Lethrinus atkinsoni.reef","reef",412.753218074871,422.91530970325,0.04342,NA,2.92,0,1.757,4.444,0.072,0.033,0,0,0,1,0,0.616
"Lethrinus atkinsoni.reef+sd.relief","reef+sd.relief",413.276834742444,424.656930349784,0.06357,NA,3.63,0,2.281,6.186,0.056,0.014,0,0,1,1,0,0.672
"Lethrinus atkinsoni.status","status",413.554249738943,421.511815970687,0.0163,NA,2,0,2.558,3.041,0.048,0.066,0,0,0,0,1,0.72
"Lethrinus atkinsoni.depth","depth",413.991771030543,421.949767446345,0.00809,NA,2,0,2.996,3.479,0.039,0.053,1,0,0,0,0,0.759
"Lethrinus atkinsoni.depth+mean.relief","depth+mean.relief",414.097633089074,423.858750872397,0.03686,NA,3,0,3.102,5.388,0.037,0.02,1,1,0,0,0,0.796
"Lethrinus atkinsoni.mean.relief+status","mean.relief+status",414.446060100774,425.322479846467,0.04968,NA,3.36,0,3.45,6.852,0.031,0.01,0,1,0,0,1,0.827
"Lethrinus atkinsoni.reef+status","reef+status",414.4521116981,426.244461788699,0.05221,NA,3.87,0,3.456,7.774,0.031,0.006,0,0,0,1,1,0.858
"Lethrinus atkinsoni.sd.relief.by.status+status","sd.relief.by.status+status",414.809584544984,426.673862522662,0.06589,NA,4.12,0,3.814,8.203,0.026,0.005,0,0,1,0,1,0.884
"Lethrinus atkinsoni.reef+sd.relief+status","reef+sd.relief+status",414.884059735626,427.747662652231,0.0751,NA,4.54,0,3.888,9.277,0.025,0.003,0,0,1,1,1,0.909
"Lethrinus atkinsoni.depth+reef","depth+reef",414.954043195032,426.678336899324,0.04037,NA,3.82,0,3.958,8.207,0.024,0.005,1,0,0,1,0,0.933
"Lethrinus atkinsoni.depth+reef+sd.relief","depth+reef+sd.relief",415.217143056168,427.894207443689,0.06002,NA,4.44,0,4.221,9.423,0.021,0.003,1,0,1,1,0,0.954
"Lethrinus atkinsoni.reef.by.status+status","reef.by.status+status",415.81445156844,429.336255104506,0.06416,NA,4.96,0,4.819,10.865,0.016,0.001,0,0,0,1,1,0.97
"Lethrinus atkinsoni.reef.by.status+sd.relief+status","reef.by.status+sd.relief+status",416.271640260067,430.931946771121,0.08917,NA,5.69,0,5.276,12.461,0.012,0.001,0,0,1,1,1,0.982
"Lethrinus atkinsoni.mean.relief.by.status+status","mean.relief.by.status+status",417.162819743077,430.364975744836,0.05748,NA,4.65,0,6.167,11.894,0.008,0.001,0,1,0,0,1,0.99
"Lethrinus atkinsoni.reef+sd.relief.by.status+status","reef+sd.relief.by.status+status",417.517746083222,432.589517863543,0.08601,NA,5.81,0,6.522,14.119,0.007,0,0,0,1,1,1,0.997
"Lethrinus atkinsoni.reef.by.status+sd.relief.by.status+status","reef.by.status+sd.relief.by.status+status",418.37476357522,434.774075672031,0.09795,NA,6.85,0,7.379,16.303,0.004,0,0,0,1,1,1,1.001
"Pomacentrus coelestis.mean.relief.by.status+status","mean.relief.by.status+status",418.67959769883,431.343310767673,0.12821,NA,6.19,0,0,4.827,0.344,0.046,0,1,0,0,1,0.344
"Pomacentrus coelestis.reef","reef",421.135176690338,431.624301906762,0.02125,NA,4.31,0,2.456,5.108,0.101,0.04,0,0,0,1,0,0.445
"Pomacentrus coelestis.null","null",421.231465018301,426.516303618602,0,NA,1,0,2.552,0,0.096,0.515,0,0,0,0,0,0.541
"Pomacentrus coelestis.mean.relief","mean.relief",421.486002548184,431.368723940728,0.06334,NA,3.66,0,2.806,4.852,0.085,0.046,0,1,0,0,0,0.626
"Pomacentrus coelestis.depth","depth",421.933046523322,430.747829658376,0.03609,NA,3.02,0,3.253,4.232,0.068,0.062,1,0,0,0,0,0.694
"Pomacentrus coelestis.sd.relief","sd.relief",422.30372082858,429.161542683459,0.00973,NA,2,0,3.624,2.645,0.056,0.137,0,0,1,0,0,0.75
"Pomacentrus coelestis.depth+mean.relief","depth+mean.relief",422.95757215385,435.411172534289,0.08607,NA,5.61,0,4.278,8.895,0.041,0.006,1,1,0,0,0,0.791
"Pomacentrus coelestis.status","status",423.256696030958,430.114433344464,0.00285,NA,2,0,4.577,3.598,0.035,0.085,0,0,0,0,1,0.826
"Pomacentrus coelestis.mean.relief+status","mean.relief+status",423.360995857441,434.711773517245,0.07081,NA,4.89,0,4.681,8.195,0.033,0.009,0,1,0,0,1,0.859
"Pomacentrus coelestis.reef+sd.relief","reef+sd.relief",423.555099853011,435.022401575827,0.02287,NA,5.14,0,4.876,8.506,0.03,0.007,0,0,1,1,0,0.889
"Pomacentrus coelestis.reef+status","reef+status",423.93107326436,435.520381368377,0.02188,NA,5.25,0,5.251,9.004,0.025,0.006,0,0,0,1,1,0.914
"Pomacentrus coelestis.depth+reef","depth+reef",424.470632562682,434.597519939481,0.03612,NA,4.02,0,5.791,8.081,0.019,0.009,1,0,0,1,0,0.933
"Pomacentrus coelestis.sd.relief+status","sd.relief+status",424.639339536772,432.965218136477,0.01164,NA,3,0,5.96,6.449,0.017,0.02,0,0,1,0,1,0.95
"Pomacentrus coelestis.depth+sd.relief","depth+sd.relief",424.999427617652,436.193212708684,0.057,NA,4.56,0,6.32,9.677,0.015,0.004,1,0,1,0,0,0.965
"Pomacentrus coelestis.sd.relief.by.status+status","sd.relief.by.status+status",426.276088497531,437.345014088617,0.03601,NA,4.77,0,7.596,10.829,0.008,0.002,0,0,1,0,1,0.973
"Pomacentrus coelestis.reef.by.status+status","reef.by.status+status",426.455857036347,437.390473357901,0.01415,NA,4.81,0,7.776,10.874,0.007,0.002,0,0,0,1,1,0.98
"Pomacentrus coelestis.reef+sd.relief+status","reef+sd.relief+status",426.486557289332,438.975590756126,0.02315,NA,6.11,0,7.807,12.459,0.007,0.001,0,0,1,1,1,0.987
"Pomacentrus coelestis.reef+sd.relief.by.status+status","reef+sd.relief.by.status+status",427.374046648075,441.567531489044,0.04437,NA,7.84,0,8.694,15.051,0.004,0,0,0,1,1,1,0.991
"Pomacentrus coelestis.depth+reef+sd.relief","depth+reef+sd.relief",427.770638059226,440.001189404227,0.05651,NA,5.53,0,9.091,13.485,0.004,0.001,1,0,1,1,0,0.995
"Pomacentrus coelestis.reef.by.status+sd.relief+status","reef.by.status+sd.relief+status",427.875808038099,439.822995470011,0.02246,NA,5.68,0,9.196,13.307,0.003,0.001,0,0,1,1,1,0.998
"Chromis fumea.reef+sd.relief+status","reef+sd.relief+status",282.228449506869,289.134450336832,0.24783,NA,5.62,0,0,0.358,0.11,0.078,0,0,1,1,1,0.11
"Chromis fumea.depth+sd.relief","depth+sd.relief",282.295295383141,289.006098940114,0.17857,NA,4.46,0,0.067,0.23,0.107,0.083,1,0,1,0,0,0.217
"Chromis fumea.reef+status","reef+status",282.554043784625,288.776114997937,0.12189,NA,3.49,0,0.326,0,0.094,0.093,0,0,0,1,1,0.311
"Chromis fumea.sd.relief","sd.relief",282.598687650763,288.885135801605,0.12903,NA,3.47,0,0.37,0.109,0.092,0.088,0,0,1,0,0,0.403
"Chromis fumea.reef+sd.relief","reef+sd.relief",282.60546094711,289.343976914533,0.19026,NA,4.55,0,0.377,0.568,0.092,0.07,0,0,1,1,0,0.495
"Chromis fumea.reef","reef",283.792585452789,289.620526964999,0.08129,NA,2.8,0,1.564,0.844,0.051,0.061,0,0,0,1,0,0.546
"Chromis fumea.sd.relief+status","sd.relief+status",283.886938478113,290.595935639838,0.15167,NA,4.46,0,1.658,1.82,0.048,0.037,0,0,1,0,1,0.594
"Chromis fumea.mean.relief+sd.relief","mean.relief+sd.relief",284.273691571508,291.007719382812,0.16475,NA,4.54,0,2.045,2.232,0.04,0.031,0,1,1,0,0,0.634
"Chromis fumea.depth","depth",284.314788066849,290.282542265523,0.07589,NA,2.97,0,2.086,1.506,0.039,0.044,1,0,0,0,0,0.673
"Chromis fumea.reef+sd.relief.by.status+status","reef+sd.relief.by.status+status",284.498025732676,290.73765361542,0.32638,NA,7.52,0,2.27,1.962,0.036,0.035,0,0,1,1,1,0.709
"Chromis fumea.depth+mean.relief+sd.relief","depth+mean.relief+sd.relief",284.667426922934,291.570088990651,0.2011,NA,5.51,0,2.439,2.794,0.033,0.023,1,1,1,0,0,0.742
"Chromis fumea.mean.relief+status","mean.relief+status",284.725813400899,290.433630262732,0.08106,NA,3,0,2.497,1.658,0.032,0.041,0,1,0,0,1,0.774
"Chromis fumea.mean.relief.by.status+sd.relief+status","mean.relief.by.status+sd.relief+status",284.737704312525,290.438067495372,0.2999,NA,8.22,0,2.509,1.662,0.032,0.041,0,1,1,0,1,0.806
"Chromis fumea.mean.relief+sd.relief+status","mean.relief+sd.relief+status",284.978955703999,291.884224013674,0.20909,NA,5.59,0,2.751,3.108,0.028,0.02,0,1,1,0,1,0.834
"Chromis fumea.null","null",285.154442341096,289.046292977177,0,NA,1,0,2.926,0.27,0.026,0.081,0,0,0,0,0,0.86
"Chromis fumea.status","status",285.441682619083,290.329741531707,0.03276,NA,2,0,3.213,1.554,0.022,0.043,0,0,0,0,1,0.882
"Chromis fumea.depth+mean.relief","depth+mean.relief",285.501897756587,292.010426829857,0.10905,NA,3.96,0,3.273,3.234,0.022,0.018,1,1,0,0,0,0.904
"Chromis fumea.mean.relief","mean.relief",285.833011773041,290.721100000452,0.03991,NA,2,0,3.605,1.945,0.018,0.035,0,1,0,0,0,0.922
"Chromis fumea.reef.by.status+status","reef.by.status+status",285.850722727106,292.69919695394,0.12526,NA,4.92,0,3.622,3.923,0.018,0.013,0,0,0,1,1,0.94
"Chromis fumea.sd.relief.by.status+status","sd.relief.by.status+status",286.112261096599,292.807458820008,0.23818,NA,6.62,0,3.884,4.031,0.016,0.012,0,0,1,0,1,0.956
"Chromis fumea.reef.by.status+sd.relief+status","reef.by.status+sd.relief+status",286.166996271482,292.30779492294,0.27689,NA,7.65,0,3.939,3.532,0.015,0.016,0,0,1,1,1,0.971
"Chromis fumea.mean.relief+sd.relief.by.status+status","mean.relief+sd.relief.by.status+status",286.582940998675,292.853201767092,0.31742,NA,7.48,0,4.354,4.077,0.013,0.012,0,1,1,0,1,0.984
"Chromis fumea.mean.relief.by.status+status","mean.relief.by.status+status",286.939610354412,293.666441560988,0.07985,NA,4.67,0,4.711,4.89,0.01,0.008,0,1,0,0,1,0.994
"Chromis fumea.reef.by.status+sd.relief.by.status+status","reef.by.status+sd.relief.by.status+status",288.407039585373,294.040486384453,0.30987,NA,8.29,0,6.179,5.264,0.005,0.007,0,0,1,1,1,0.999
"Chromis fumea.mean.relief.by.status+sd.relief.by.status+status","mean.relief.by.status+sd.relief.by.status+status",288.899034626548,293.263032316426,0.29934,NA,9.17,0,6.671,4.487,0.004,0.01,0,1,1,0,1,1.003
"total.abundance","depth+mean.relief",2025.48010572446,2053.93847977543,0.14046,NA,6.09,0,0,2.517,0.982,0.149,1,1,0,0,0,0.982
"species.richness.mean.relief","mean.relief",1393.79055754748,1413.05554246475,0.36883,NA,3.7,0,0,0,0.452,0.82,0,1,0,0,0,0.452
"species.richness.depth+mean.relief","depth+mean.relief",1394.44869882475,1417.14841539254,0.38028,NA,4.71,0,0.658,4.093,0.325,0.106,1,1,0,0,0,0.777
"species.richness.mean.relief+status","mean.relief+status",1395.61486851798,1417.915133609,0.36905,NA,4.68,0,1.824,4.86,0.181,0.072,0,1,0,0,1,0.958
"species.richness.mean.relief.by.status+status","mean.relief.by.status+status",1398.54954940885,1426.01941992755,0.37806,NA,5.95,0,4.759,12.964,0.042,0.001,0,1,0,0,1,1
